5.97874e+05
6.79515e+03
3.48490e+03
9.42040e+02
9.72027e+02
7.39664e+02
3.79827e+02
3.45911e+02
2.33205e+02
2.18895e+02
1.76405e+02
1.35376e+02
1.10618e+02
1.05270e+02
9.06490e+01
7.41815e+01
6.54159e+01
5.70634e+01
5.42833e+01
4.99463e+01
4.00530e+01
3.86772e+01
3.62058e+01
3.14145e+01
3.04124e+01
2.55590e+01
2.50868e+01
2.45999e+01
2.04431e+01
2.01330e+01
1.90264e+01
1.70730e+01
1.68695e+01
1.46461e+01
1.45096e+01
1.42203e+01
1.22568e+01
1.21663e+01
1.18760e+01
1.07472e+01
1.04948e+01
9.51356e+00
9.27696e+00
9.09371e+00
8.14031e+00
8.02779e+00
7.88289e+00
7.17866e+00
7.05728e+00
6.70817e+00
6.43293e+00
6.37217e+00
5.73362e+00
5.69138e+00
5.64805e+00
5.17458e+00
5.13392e+00
4.95681e+00
4.67471e+00
4.61914e+00
4.31695e+00
4.24418e+00
4.17307e+00
3.88759e+00
3.82843e+00
3.80879e+00
3.54620e+00
3.49249e+00
3.37514e+00
3.25940e+00
3.20723e+00
3.01397e+00
2.98222e+00
2.94716e+00
2.78382e+00
2.70144e+00
2.72643e+00
2.55896e+00
2.52184e+00
2.43456e+00
2.38307e+00
2.33180e+00
2.21653e+00
2.19225e+00
2.18347e+00
2.06045e+00
2.02963e+00
1.98897e+00
1.92757e+00
1.89497e+00
1.81996e+00
1.81014e+00
1.78623e+00
1.69358e+00
1.65735e+00
1.67126e+00
1.60118e+00
1.56981e+00
1.52905e+00
1.50453e+00
1.48034e+00
1.41710e+00
1.40260e+00
1.39532e+00
1.34024e+00
1.30042e+00
1.31603e+00
1.26307e+00
1.24924e+00
1.21101e+00
1.19615e+00
1.18136e+00
1.13653e+00
1.12133e+00
1.11332e+00
1.08027e+00
1.06252e+00
1.03643e+00
1.02682e+00
1.01217e+00
9.76193e-01
9.68749e-01
9.61403e-01
9.26303e-01
9.20175e-01
9.08709e-01
8.88046e-01
8.72306e-01
8.49197e-01
8.44858e-01
8.38162e-01
8.10446e-01
8.01946e-01
7.98422e-01
7.75814e-01
7.65235e-01
7.48597e-01
7.42273e-01
7.32150e-01
7.12577e-01
7.09102e-01
6.99147e-01
6.83282e-01
6.67663e-01
6.73009e-01
6.52734e-01
6.46745e-01
6.30146e-01
6.26317e-01
6.20224e-01
5.97756e-01
6.01628e-01
5.93678e-01
5.79324e-01
5.72046e-01
5.62911e-01
5.58291e-01
5.50761e-01
5.39403e-01
5.34823e-01
5.31261e-01
5.19602e-01
5.13416e-01
5.06715e-01
4.98557e-01
4.96596e-01
4.83439e-01
4.79508e-01
4.77135e-01
4.66353e-01
4.58950e-01
4.61059e-01
4.46151e-01
4.48431e-01
4.40648e-01
4.36042e-01
4.29654e-01
4.15751e-01
4.18939e-01
4.20159e-01
4.07540e-01
3.98587e-01
4.03436e-01
3.93901e-01
3.89975e-01
3.81855e-01
3.78019e-01
3.76674e-01
3.70247e-01
3.66832e-01
3.63445e-01
3.58987e-01
3.54150e-01
3.47082e-01
3.45781e-01
3.49736e-01
3.38197e-01
3.34424e-01
3.32002e-01
3.27982e-01
3.24684e-01
3.17356e-01
3.18381e-01
3.15639e-01
3.09344e-01
3.06533e-01
3.06372e-01
3.01753e-01
2.98363e-01
2.94123e-01
2.92895e-01
2.89843e-01
2.85236e-01
2.83965e-01
2.82676e-01
2.76933e-01
2.75183e-01
2.72569e-01
2.70741e-01
2.68346e-01
2.63454e-01
2.60888e-01
2.60040e-01
2.56685e-01
2.54588e-01
2.50527e-01
2.51451e-01
2.47960e-01
2.43274e-01
2.44130e-01
2.41886e-01
2.37434e-01
2.35656e-01
2.35395e-01
2.30889e-01
2.32120e-01
2.26962e-01
2.25810e-01
2.24409e-01
2.22098e-01
2.19496e-01
2.17750e-01
2.16287e-01
2.14444e-01
2.11960e-01
2.11400e-01
2.09225e-01
2.05618e-01
2.03162e-01
2.04136e-01
2.01913e-01
1.98208e-01
2.00068e-01
1.96893e-01
1.96054e-01
1.92335e-01
1.91101e-01
1.90018e-01
1.88784e-01
1.86993e-01
1.85621e-01
1.84683e-01
1.82873e-01
1.80961e-01
1.78777e-01
1.79137e-01
1.77279e-01
1.74890e-01
1.72102e-01
1.73085e-01
1.73470e-01
1.70383e-01
1.68728e-01
1.66094e-01
1.68611e-01
1.65061e-01
1.63323e-01
1.62751e-01
1.55398e-01
1.57392e-01
1.58831e-01
1.58204e-01
1.61477e-01
1.60150e-01
1.53793e-01
1.53137e-01
1.52682e-01
1.50797e-01
1.49473e-01
1.48076e-01
1.47608e-01
1.47081e-01
1.45256e-01
1.44701e-01
1.43853e-01
1.42248e-01
1.41256e-01
1.40330e-01
1.39971e-01
1.39353e-01
1.37484e-01
1.36962e-01
1.36770e-01
1.34933e-01
1.33538e-01
1.33932e-01
1.32398e-01
1.31946e-01
1.30113e-01
1.29594e-01
1.29109e-01
1.26510e-01
1.28256e-01
1.27612e-01
1.25732e-01
1.25038e-01
1.23940e-01
1.23645e-01
1.23138e-01
1.21595e-01
-1.78443e-14
2.11101e-15
2.72242e-12
1.20737e-01
1.19922e-01
1.19564e-01
1.19252e-01
1.18366e-01
1.17383e-01
1.17053e-01
1.16211e-01
1.15291e-01
1.14447e-01
1.14050e-01
1.13216e-01
1.12354e-01
1.11857e-01
1.11072e-01
1.10641e-01
1.09222e-01
1.10105e-01
1.08529e-01
1.01102e-01
1.08151e-01
1.07345e-01
1.05597e-01
1.06965e-01
1.05034e-01
1.01891e-01
1.03074e-01
1.03413e-01
1.04177e-01
1.05897e-01
1.02351e-01
1.01275e-01
1.00366e-01
9.97290e-02
9.92323e-02
9.80333e-02
9.85004e-02
9.65528e-02
9.72998e-02
9.74416e-02
9.60424e-02
9.54680e-02
9.49751e-02
9.44106e-02
9.41222e-02
9.37929e-02
9.26346e-02
9.23123e-02
9.16045e-02
9.17341e-02
9.13502e-02
9.06026e-02
9.02117e-02
8.87254e-02
8.93866e-02
8.98244e-02
8.78263e-02
8.82301e-02
8.73169e-02
8.65324e-02
8.66254e-02
8.60151e-02
8.42937e-02
8.46180e-02
8.50987e-02
8.57844e-02
8.56807e-02
8.39912e-02
8.33031e-02
8.28873e-02
8.26269e-02
8.06461e-02
8.21353e-02
8.14970e-02
8.18082e-02
8.02926e-02
7.96680e-02
8.04144e-02
7.90797e-02
7.62288e-02
7.63953e-02
7.77300e-02
7.83400e-02
7.93924e-02
7.68445e-02
7.81578e-02
7.73819e-02
7.72411e-02
7.86375e-02
7.57301e-02
7.52449e-02
7.47867e-02
7.45960e-02
7.44125e-02
7.41503e-02
7.32063e-02
7.33966e-02
7.36484e-02
7.27470e-02
7.28919e-02
7.19403e-02
7.17886e-02
7.16360e-02
7.14546e-02
7.08078e-02
7.05763e-02
7.10884e-02
7.01877e-02
1.06351e-02
6.99198e-02
1.06753e-02
6.96245e-02
6.93613e-02
6.90116e-02
1.07293e-02
1.07701e-02
1.08062e-02
6.88987e-02
1.09157e-02
6.84635e-02
6.84326e-02
1.09457e-02
1.09785e-02
1.10608e-02
1.11538e-02
6.77566e-02
6.76267e-02
1.11751e-02
1.11918e-02
1.13141e-02
1.13167e-02
6.73924e-02
1.14272e-02
6.58092e-02
6.64678e-02
6.67991e-02
1.14619e-02
1.16036e-02
1.16467e-02
6.70872e-02
6.61969e-02
6.69391e-02
1.20892e-02
1.19401e-02
1.17750e-02
1.17183e-02
1.21559e-02
1.21982e-02
1.18776e-02
1.18204e-02
6.54343e-02
6.46091e-02
6.52900e-02
6.50299e-02
6.51264e-02
6.44027e-02
6.41918e-02
6.40630e-02
6.38806e-02
6.33713e-02
6.32610e-02
6.29234e-02
6.27498e-02
6.25451e-02
6.23648e-02
6.22994e-02
1.23278e-02
1.24396e-02
1.25387e-02
1.24590e-02
1.26405e-02
1.26962e-02
1.27583e-02
1.28669e-02
1.29345e-02
1.31064e-02
1.30049e-02
1.47311e-02
1.33723e-02
1.32412e-02
1.46104e-02
1.36518e-02
1.44437e-02
1.37767e-02
1.35799e-02
1.41300e-02
1.40793e-02
1.42228e-02
1.32352e-02
1.34751e-02
1.39004e-02
1.45191e-02
1.39132e-02
1.43639e-02
6.19305e-02
6.17141e-02
6.15259e-02
6.13191e-02
6.12338e-02
6.09214e-02
6.05627e-02
6.04430e-02
6.02066e-02
6.00332e-02
5.73552e-02
5.98486e-02
5.80378e-02
5.78520e-02
5.75850e-02
5.76256e-02
5.96400e-02
5.88808e-02
5.90477e-02
5.86934e-02
5.84315e-02
5.93284e-02
5.92271e-02
5.85087e-02
1.53145e-02
1.49010e-02
1.52107e-02
1.49436e-02
1.50778e-02
1.79566e-02
1.77131e-02
1.76263e-02
1.56149e-02
1.57126e-02
1.54806e-02
1.59267e-02
1.71443e-02
1.73538e-02
1.62418e-02
1.58939e-02
1.70199e-02
1.74223e-02
1.63207e-02
1.68292e-02
1.67894e-02
1.66342e-02
1.65789e-02
1.61053e-02
1.89055e-02
1.87095e-02
5.61356e-02
1.85878e-02
1.81046e-02
5.66905e-02
5.66035e-02
5.70318e-02
5.69748e-02
5.64918e-02
1.83521e-02
1.83450e-02
5.72493e-02
1.90999e-02
1.94247e-02
2.00993e-02
2.02449e-02
1.96659e-02
1.97711e-02
5.59366e-02
5.46217e-02
5.45417e-02
5.50084e-02
5.48299e-02
5.54474e-02
5.56275e-02
5.57719e-02
5.57518e-02
1.92796e-02
5.48823e-02
5.53526e-02
2.04527e-02
2.00108e-02
2.06975e-02
2.09748e-02
2.10455e-02
2.12213e-02
2.14842e-02
2.17084e-02
2.18656e-02
5.43691e-02
5.42548e-02
5.39827e-02
5.37978e-02
5.38402e-02
2.24008e-02
2.21063e-02
5.35832e-02
5.35013e-02
5.33673e-02
5.30621e-02
5.32857e-02
5.28652e-02
5.26808e-02
5.27315e-02
5.25641e-02
5.24022e-02
5.21747e-02
5.23173e-02
2.27210e-02
2.26567e-02
2.31887e-02
2.32675e-02
2.36014e-02
2.44036e-02
2.39663e-02
2.38505e-02
2.42085e-02
5.20710e-02
5.18772e-02
5.19752e-02
5.17768e-02
5.15158e-02
5.16378e-02
5.16166e-02
5.15500e-02
5.13240e-02
5.12382e-02
5.11038e-02
4.63801e-02
5.06961e-02
5.09777e-02
5.07593e-02
4.65849e-02
5.03034e-02
5.05150e-02
4.67047e-02
5.01095e-02
4.69232e-02
5.01660e-02
4.99270e-02
4.99519e-02
5.03426e-02
4.70206e-02
4.95993e-02
4.71265e-02
4.94800e-02
4.93326e-02
4.73579e-02
4.91404e-02
4.74222e-02
4.75239e-02
4.77725e-02
4.79161e-02
4.81683e-02
4.80711e-02
4.76368e-02
4.89952e-02
4.83842e-02
4.84740e-02
4.88851e-02
4.87901e-02
4.87099e-02
4.86184e-02
2.46499e-02
2.49691e-02
2.52316e-02
4.56258e-02
4.59683e-02
4.57918e-02
4.61816e-02
4.57342e-02
4.61648e-02
4.63013e-02
2.55887e-02
2.57992e-02
2.60263e-02
2.65004e-02
2.66666e-02
2.67642e-02
2.71963e-02
4.51265e-02
4.53387e-02
4.53825e-02
4.49569e-02
4.48293e-02
4.31137e-02
4.33660e-02
4.45384e-02
4.44088e-02
4.42540e-02
4.39228e-02
4.40066e-02
4.35826e-02
4.34930e-02
4.49967e-02
4.45056e-02
4.40999e-02
4.38126e-02
4.37571e-02
2.74318e-02
2.76296e-02
2.76376e-02
2.77194e-02
2.77955e-02
2.77365e-02
2.79424e-02
2.80007e-02
2.80871e-02
2.81573e-02
2.82170e-02
2.82575e-02
2.88964e-02
2.83053e-02
2.88095e-02
2.83687e-02
2.87659e-02
2.87278e-02
2.86706e-02
2.84076e-02
2.86356e-02
2.85011e-02
2.85172e-02
4.32361e-02
4.30484e-02
4.28755e-02
4.27795e-02
4.25003e-02
4.25564e-02
4.27667e-02
4.23967e-02
4.22572e-02
4.21695e-02
4.19468e-02
4.20076e-02
4.17389e-02
3.92241e-02
3.93749e-02
3.94989e-02
4.14085e-02
4.13554e-02
4.16450e-02
4.16587e-02
3.95801e-02
3.97749e-02
4.02628e-02
4.01523e-02
4.04157e-02
4.08293e-02
4.10574e-02
4.10937e-02
4.12291e-02
3.99051e-02
4.00155e-02
4.05425e-02
4.06375e-02
4.05900e-02
3.99941e-02
3.96902e-02
2.91865e-02
2.90812e-02
2.90475e-02
2.89582e-02
3.85770e-02
3.88058e-02
3.88785e-02
3.90101e-02
3.89645e-02
3.92684e-02
2.92528e-02
2.95327e-02
2.92835e-02
2.94963e-02
2.93980e-02
2.93426e-02
3.78469e-02
3.82159e-02
3.84245e-02
3.80547e-02
3.79702e-02
3.81064e-02
3.86143e-02
3.84465e-02
2.95805e-02
2.97043e-02
2.97848e-02
2.97299e-02
2.99341e-02
2.99693e-02
3.74879e-02
3.74005e-02
3.69501e-02
3.70664e-02
3.79205e-02
3.76547e-02
3.73224e-02
3.67817e-02
3.68630e-02
3.71426e-02
3.72400e-02
3.67234e-02
3.67070e-02
3.00042e-02
3.00968e-02
3.01632e-02
3.28594e-02
3.02462e-02
3.03136e-02
3.15417e-02
3.13639e-02
3.11661e-02
3.04069e-02
3.03976e-02
3.09462e-02
3.04809e-02
3.10712e-02
3.05372e-02
3.65156e-02
3.08325e-02
3.07472e-02
3.63981e-02
3.06353e-02
3.39610e-02
3.63087e-02
3.63235e-02
3.42960e-02
3.61491e-02
3.45773e-02
3.62157e-02
3.46706e-02
3.57711e-02
3.56373e-02
3.60233e-02
3.58273e-02
3.53253e-02
3.06994e-02
3.54467e-02
3.50205e-02
3.49078e-02
3.51015e-02
3.59198e-02
3.55676e-02
3.53629e-02
3.52316e-02
3.08684e-02
3.48149e-02
3.48568e-02
3.12359e-02
3.12403e-02
3.44983e-02
3.44491e-02
3.14761e-02
3.14150e-02
3.16295e-02
3.41974e-02
3.43785e-02
3.41212e-02
3.17160e-02
3.22074e-02
3.23416e-02
3.19661e-02
3.38549e-02
3.19474e-02
3.21334e-02
3.30302e-02
3.28089e-02
3.20954e-02
3.18795e-02
3.24272e-02
3.29649e-02
3.31651e-02
3.39137e-02
3.25305e-02
3.33515e-02
3.34428e-02
3.37179e-02
3.18170e-02
3.26373e-02
3.26160e-02
3.35838e-02
3.25952e-02
3.31916e-02
3.37033e-02
3.35581e-02
3.33754e-02
